day,action,lockdown_level,S,E,I,R,D,Active,Total_Ever_Infected,new_infections,new_deaths,new_recoveries,A,U,rho_A,AS,US,AI,R_eff,beta_avg,base_economy,adjusted_economy,workforce_available,transmission_multiplier,cumulative_deaths,cumulative_infections
1,0,0,985,12,3,0,0,3,15,0,0,0,30,970,0.03,27,958,3,0.545552,0.03956142131979696,1.0,0.997,997,1.0,0,0
2,1,1,985,10,5,0,0,5,15,0,0,0,88,912,0.088,84,901,4,0.34630960000000005,0.02511309644670051,0.65,0.64675,995,0.65,0,0
3,1,1,985,6,9,0,0,9,15,0,0,0,182,818,0.182,177,808,5,0.33276880000000003,0.024131167512690357,0.65,0.64415,991,0.65,0,0
4,1,1,985,4,11,0,0,11,15,0,0,0,319,681,0.319,311,674,8,0.31325839999999994,0.022716345177664972,0.65,0.64285,989,0.65,0,0
5,1,1,982,3,15,0,0,15,18,3,0,0,405,595,0.405,395,587,10,0.299936,0.021816700610997962,0.65,0.64025,985,0.65,0,3
6,1,1,981,4,15,0,0,15,19,1,0,0,483,517,0.483,471,510,11,0.2885064,0.02100672782874618,0.65,0.64025,985,0.65,0,4
7,1,1,981,4,15,0,0,15,19,0,0,0,538,462,0.538,528,453,8,0.28020720000000005,0.02040244648318043,0.65,0.64025,985,0.65,0,4
8,1,1,981,4,15,0,0,15,19,0,0,0,557,443,0.557,549,432,7,0.27714960000000005,0.02017981651376147,0.65,0.64025,985,0.65,0,4
9,1,1,976,6,18,0,0,18,24,5,0,0,590,410,0.59,575,401,11,0.271544,0.019872950819672133,0.65,0.6383000000000001,982,0.65,0,9
10,1,1,974,6,20,0,0,20,26,2,0,0,612,388,0.612,593,381,13,0.2681952000000001,0.019668172484599594,0.65,0.637,980,0.65,0,11
11,1,1,973,7,18,2,0,18,27,1,0,2,623,377,0.623,608,365,8,0.2656472000000001,0.019501336073997948,0.65,0.6383000000000001,982,0.65,0,12
12,1,1,971,7,19,3,0,19,29,2,0,1,640,360,0.64,622,349,11,0.2628808,0.019338002059732236,0.65,0.6376499999999999,981,0.65,0,14
13,1,1,970,7,20,3,0,20,30,1,0,0,603,397,0.603,586,384,13,0.26775839999999995,0.019717113402061854,0.65,0.637,980,0.65,0,15
14,1,1,967,7,22,4,0,22,33,3,0,1,623,377,0.623,603,364,13,0.26419120000000007,0.01951478800413651,0.65,0.6357,978,0.65,0,18
15,1,1,964,9,22,5,0,22,36,3,0,1,627,373,0.627,601,363,17,0.2633904,0.01951618257261411,0.65,0.6357,978,0.65,0,21
16,1,1,963,7,22,8,0,22,37,1,0,3,618,382,0.618,592,371,17,0.26433680000000004,0.019606645898234683,0.65,0.6357,978,0.65,0,22
17,1,1,962,5,20,13,0,20,38,1,0,5,624,376,0.624,601,361,15,0.2626624000000001,0.019502702702702705,0.65,0.637,980,0.65,0,23
18,1,1,959,5,23,13,0,23,41,3,0,0,635,365,0.635,609,350,17,0.2604056,0.019395620437956205,0.65,0.6350500000000001,977,0.65,0,26
19,1,1,955,8,24,13,0,24,45,4,0,0,627,373,0.627,596,359,19,0.2608424,0.019509528795811516,0.65,0.6344,976,0.65,0,30
20,1,1,951,8,26,15,0,26,49,4,0,2,632,368,0.632,602,349,20,0.25851280000000004,0.019416614090431127,0.65,0.6331,974,0.65,0,34
21,1,1,948,9,26,17,0,26,52,3,0,2,618,382,0.618,586,362,19,0.2597504,0.019571308016877637,0.65,0.6331,974,0.65,0,37
22,1,1,948,6,25,21,0,25,52,0,0,4,588,412,0.588,555,393,13,0.264264,0.019911392405063292,0.65,0.63375,975,0.65,0,37
23,1,1,946,5,27,22,0,27,54,2,0,1,588,412,0.588,552,394,16,0.2639728,0.019931501057082454,0.65,0.6324500000000001,973,0.65,0,39
24,1,1,943,5,29,23,0,29,57,3,0,1,597,403,0.597,562,381,19,0.26142479999999996,0.019801908801696712,0.65,0.63115,971,0.65,0,42
25,1,1,941,6,27,26,0,27,59,2,0,3,635,365,0.635,595,346,19,0.25589200000000006,0.0194240170031881,0.65,0.6324500000000001,973,0.65,0,44
26,1,1,938,10,26,26,0,26,62,4,0,1,635,365,0.635,596,342,18,0.2546544,0.019391897654584222,0.65,0.6331,974,0.65,0,48
27,1,1,938,8,28,26,0,28,62,1,0,1,631,369,0.631,586,352,22,0.25611039999999996,0.019502771855010658,0.65,0.6318,972,0.65,0,49
28,1,1,936,6,31,27,0,31,64,2,0,1,612,388,0.612,567,369,25,0.2581488,0.0197,0.65,0.62985,969,0.65,0,51
29,1,1,935,6,30,29,0,30,65,1,0,2,632,368,0.632,589,346,21,0.2545816,0.01944855614973262,0.65,0.6305,970,0.65,0,52
30,1,1,933,6,28,33,0,28,67,2,0,4,630,370,0.63,589,344,18,0.25385360000000007,0.019434512325830655,0.65,0.6318,972,0.65,0,54
31,1,1,929,9,28,34,0,28,71,4,0,1,637,363,0.637,591,338,17,0.25210640000000006,0.019383853606027988,0.65,0.6318,972,0.65,0,58
32,1,1,929,4,28,39,0,28,71,0,0,5,615,385,0.615,570,359,19,0.255164,0.019618945102260494,0.65,0.6318,972,0.65,0,58
33,1,1,926,6,25,43,0,25,74,3,0,4,631,369,0.631,590,336,16,0.25116000000000005,0.01937365010799136,0.65,0.63375,975,0.65,0,61
34,1,1,927,4,26,43,0,26,73,0,0,1,629,371,0.629,587,340,19,0.25196080000000004,0.01941445523193096,0.65,0.6331,974,0.65,0,61
35,1,1,925,4,28,43,0,28,75,4,0,2,623,377,0.623,581,344,20,0.25210640000000006,0.019467675675675675,0.65,0.6318,972,0.65,0,65
36,1,1,923,5,28,44,0,28,77,2,0,1,625,375,0.625,577,346,19,0.25196080000000004,0.019498591549295775,0.65,0.6318,972,0.65,0,67
37,1,1,922,4,31,43,0,31,78,2,0,0,624,376,0.624,568,354,20,0.25290720000000005,0.01959305856832972,0.65,0.62985,969,0.65,0,69
38,1,1,918,7,29,46,0,29,82,5,0,4,641,359,0.641,583,335,20,0.2492672,0.01939520697167756,0.65,0.63115,971,0.65,0,74
39,1,1,918,7,27,48,0,27,82,1,0,3,626,374,0.626,570,348,20,0.25116,0.019542483660130717,0.65,0.6324500000000001,973,0.65,0,75
40,1,1,916,9,25,50,0,25,84,2,0,2,603,397,0.603,552,364,13,0.2530528000000001,0.019732751091703058,0.65,0.63375,975,0.65,0,77
41,1,1,915,7,28,50,0,28,85,1,0,0,608,392,0.608,546,369,18,0.2535624,0.019794098360655737,0.65,0.6318,972,0.65,0,78
42,1,1,909,10,28,53,0,28,91,6,0,3,614,386,0.614,545,364,22,0.2515240000000001,0.019764576457645767,0.65,0.6318,972,0.65,0,84
43,1,1,909,8,28,55,0,28,91,1,0,3,603,397,0.603,540,369,22,0.25225200000000003,0.019821782178217822,0.65,0.6318,972,0.65,0,85
44,1,1,905,8,30,57,0,30,95,4,0,2,597,403,0.597,532,373,21,0.2519608,0.019886408839779005,0.65,0.6305,970,0.65,0,89
45,1,1,903,9,30,58,0,30,97,3,0,2,616,384,0.616,555,348,18,0.24788400000000005,0.019607973421926914,0.65,0.6305,970,0.65,0,92
46,1,1,900,9,31,60,0,31,100,3,0,2,636,364,0.636,574,326,19,0.24402559999999998,0.01936711111111111,0.65,0.62985,969,0.65,0,95
47,1,1,897,9,34,60,0,34,103,4,0,1,664,336,0.664,594,303,23,0.24002160000000003,0.01911304347826087,0.65,0.6279,966,0.65,0,99
48,1,1,896,7,37,60,0,37,104,1,0,0,674,326,0.674,603,293,21,0.2383472,0.019000892857142855,0.65,0.62595,963,0.65,0,100
49,1,1,891,10,35,64,0,35,109,5,0,4,672,328,0.672,604,287,24,0.23638160000000003,0.018949943883277216,0.65,0.62725,965,0.65,0,105
50,1,1,890,9,37,64,0,37,110,2,0,1,673,327,0.673,599,291,24,0.23674560000000006,0.01900044943820225,0.65,0.62595,963,0.65,0,107
51,1,1,889,8,38,64,1,38,111,1,1,0,643,356,0.643,573,316,28,0.24016720000000003,0.01929673790776153,0.65,0.6246499999999999,961,0.65,1,108
52,1,1,886,6,37,70,1,37,114,4,0,7,632,367,0.632,556,330,28,0.24155040000000008,0.019473589164785556,0.65,0.6253000000000001,962,0.65,1,112
53,1,1,885,5,36,73,1,36,115,1,0,3,625,374,0.625,555,330,20,0.24133200000000005,0.01947796610169492,0.65,0.62595,963,0.65,1,113
54,1,1,880,9,36,74,1,36,120,5,0,1,609,390,0.609,530,350,24,0.24315200000000003,0.01973636363636364,0.65,0.62595,963,0.65,1,118
55,1,1,877,9,35,78,1,35,123,3,0,4,649,350,0.649,566,311,22,0.2368184,0.019288027366020522,0.65,0.6266,964,0.65,1,121
56,1,1,875,8,36,80,1,36,125,2,0,2,651,348,0.651,575,300,24,0.23478000000000007,0.01916571428571429,0.65,0.62595,963,0.65,1,123
57,1,1,871,10,35,83,1,35,129,4,0,3,635,364,0.635,553,318,21,0.23652720000000008,0.01939701492537314,0.65,0.6266,964,0.65,1,127
58,1,1,864,14,35,86,1,35,136,7,0,3,642,357,0.642,550,314,26,0.23441600000000004,0.019379629629629632,0.65,0.6266,964,0.65,1,134
59,1,1,863,12,35,89,1,35,137,1,0,3,662,337,0.662,576,287,26,0.23026640000000007,0.019058632676709156,0.65,0.6266,964,0.65,1,135
60,1,1,857,16,37,89,1,37,143,6,0,0,658,341,0.658,570,287,24,0.22895600000000002,0.0190828471411902,0.65,0.6253000000000001,962,0.65,1,141
61,1,1,854,16,38,91,1,38,146,4,0,3,638,361,0.638,539,315,23,0.23237759999999996,0.01943606557377049,0.65,0.6246499999999999,961,0.65,1,145
62,1,1,853,10,39,97,1,39,147,1,0,6,658,341,0.658,565,288,29,0.22822799999999996,0.019111371629542788,0.65,0.624,960,0.65,1,146
63,1,1,850,10,39,100,1,39,150,4,0,4,629,370,0.629,543,307,25,0.23033920000000005,0.01935623529411765,0.65,0.624,960,0.65,1,150
64,1,1,852,9,37,101,1,37,148,1,0,4,598,401,0.598,511,341,26,0.23572640000000003,0.019762441314553993,0.65,0.6253000000000001,962,0.65,1,151
65,1,1,849,9,38,103,1,38,151,3,0,2,587,412,0.587,501,348,23,0.23609039999999995,0.019862897526501763,0.65,0.6246499999999999,961,0.65,1,154
66,1,1,842,12,41,104,1,41,158,8,0,2,614,385,0.614,510,332,31,0.23223200000000005,0.019700712589073636,0.65,0.6227,958,0.65,1,162
67,1,1,840,12,41,106,1,41,160,3,0,3,600,399,0.6,507,333,24,0.23194080000000003,0.019722857142857143,0.65,0.6227,958,0.65,1,165
68,1,1,835,15,41,108,1,41,165,6,0,3,617,382,0.617,520,315,27,0.22822799999999996,0.019523353293413172,0.65,0.6227,958,0.65,1,171
69,1,1,833,15,40,111,1,40,167,2,0,3,645,354,0.645,540,293,27,0.224588,0.01925810324129652,0.65,0.6233500000000001,959,0.65,1,173
70,1,1,832,13,44,110,1,44,168,2,0,0,647,352,0.647,530,302,29,0.22568,0.019375,0.65,0.62075,955,0.65,1,175
71,1,1,833,6,49,111,1,49,167,1,0,3,630,369,0.63,527,306,32,0.2264808,0.019420408163265304,0.65,0.6175,950,0.65,1,176
72,1,1,831,5,47,116,1,47,169,2,0,5,650,349,0.65,542,289,31,0.2235688,0.01921684717208183,0.65,0.6188,952,0.65,1,178
73,1,1,832,3,46,118,1,46,168,0,0,3,634,365,0.634,530,302,30,0.22568,0.019375,0.65,0.6194500000000001,953,0.65,1,178
74,1,1,831,5,46,117,1,46,169,3,0,1,615,384,0.615,513,318,25,0.22779120000000003,0.019579783393501807,0.65,0.6194500000000001,953,0.65,1,181
75,1,1,830,7,43,119,1,43,170,3,0,4,640,359,0.64,535,295,27,0.22422400000000003,0.019296385542168677,0.65,0.6214,956,0.65,1,184
76,1,1,823,11,45,120,1,45,177,7,0,1,645,354,0.645,531,292,30,0.22225840000000002,0.019289914945321993,0.65,0.6201,954,0.65,1,191
77,1,1,819,10,47,123,1,47,181,6,0,5,650,349,0.65,533,286,31,0.22051120000000005,0.019231746031746034,0.65,0.6188,952,0.65,1,197
78,1,1,817,11,46,125,1,46,183,4,0,4,640,359,0.64,528,289,31,0.22051120000000005,0.019278824969400248,0.65,0.6194500000000001,953,0.65,1,201
79,1,1,813,13,42,131,1,42,187,4,0,6,651,348,0.651,532,281,27,0.2184728,0.019194587945879457,0.65,0.6220500000000001,957,0.65,1,205
80,1,1,808,13,44,134,1,44,192,6,0,4,671,328,0.671,545,263,32,0.21476000000000003,0.018985148514851485,0.65,0.62075,955,0.65,1,211
81,1,1,802,16,43,138,1,43,198,7,0,5,671,328,0.671,536,266,26,0.2138864,0.01904937655860349,0.65,0.6214,956,0.65,1,218
82,1,1,799,14,45,141,1,45,201,3,0,3,669,330,0.669,538,261,27,0.21250320000000003,0.018997246558197747,0.65,0.6201,954,0.65,1,221
83,1,1,798,8,47,146,1,47,202,2,0,6,643,356,0.643,518,280,34,0.21505120000000005,0.019249122807017547,0.65,0.6188,952,0.65,1,223
84,1,1,793,13,45,148,1,45,207,6,0,3,637,362,0.637,514,279,25,0.21381360000000008,0.019259016393442626,0.65,0.6201,954,0.65,1,229
85,1,1,787,16,46,150,1,46,213,6,0,2,645,354,0.645,521,266,30,0.21061040000000003,0.019115120711562898,0.65,0.6194500000000001,953,0.65,1,235
86,1,1,785,13,47,154,1,47,215,2,0,4,613,386,0.613,487,298,32,0.21483280000000005,0.01954802547770701,0.65,0.6188,952,0.65,1,237
87,1,1,784,15,48,152,1,48,216,4,0,1,619,380,0.619,500,284,28,0.21257600000000004,0.019367346938775513,0.65,0.61815,951,0.65,1,241
88,1,1,777,18,48,156,1,48,223,7,0,4,650,349,0.65,517,260,30,0.20755280000000004,0.019080051480051482,0.65,0.61815,951,0.65,1,248
89,1,1,769,18,51,160,2,51,231,8,1,4,619,379,0.619,486,283,33,0.20915440000000002,0.019427308192457738,0.65,0.61555,947,0.65,2,256
90,1,1,763,21,52,162,2,52,237,6,0,2,624,374,0.624,486,277,31,0.20697040000000003,0.01937562254259502,0.65,0.6149,946,0.65,2,262
91,1,1,761,20,51,166,2,51,239,2,0,4,653,345,0.653,492,269,30,0.20536880000000002,0.019276215505913272,0.65,0.61555,947,0.65,2,264
92,1,1,756,19,53,170,2,53,244,6,0,5,592,406,0.592,445,311,33,0.21039200000000002,0.01987830687830688,0.65,0.61425,945,0.65,2,270
93,1,1,751,16,58,173,2,58,249,5,0,3,567,431,0.567,425,326,38,0.211484,0.02011451398135819,0.65,0.611,940,0.65,2,275
94,1,1,748,13,61,176,2,61,252,4,0,4,583,415,0.583,428,320,41,0.2099552,0.020049197860962566,0.65,0.6090500000000001,937,0.65,2,279
95,1,1,745,15,60,178,2,60,255,4,0,3,602,396,0.602,448,297,41,0.20595120000000003,0.019746040268456378,0.65,0.6097,938,0.65,2,283
96,1,1,743,12,62,181,2,62,257,3,0,4,649,349,0.649,481,262,42,0.20041840000000002,0.019267294751009422,0.65,0.6083999999999999,936,0.65,2,286
97,1,1,739,11,63,185,2,63,261,4,0,4,626,372,0.626,472,267,40,0.2002728,0.019357510148849795,0.65,0.60775,935,0.65,2,290
98,1,1,736,12,61,189,2,61,264,4,0,5,662,336,0.662,494,242,46,0.19597760000000003,0.019019565217391305,0.65,0.6090500000000001,937,0.65,2,294
99,1,1,733,13,61,191,2,61,267,6,0,5,638,360,0.638,477,256,43,0.19736080000000003,0.019232196452933153,0.65,0.6090500000000001,937,0.65,2,300
100,1,1,733,11,59,195,2,59,267,2,0,6,633,365,0.633,472,261,51,0.1980888,0.019303137789904504,0.65,0.6103500000000001,939,0.65,2,302
101,1,1,732,9,60,197,2,60,268,3,0,4,631,367,0.631,464,268,46,0.1988896,0.019407650273224043,0.65,0.6097,938,0.65,2,305
102,1,1,730,10,59,199,2,59,270,4,0,4,654,344,0.654,476,254,46,0.19641440000000002,0.0192186301369863,0.65,0.6103500000000001,939,0.65,2,309
103,1,1,728,9,53,208,2,53,272,3,0,10,643,355,0.643,463,265,43,0.1975792,0.019385714285714287,0.65,0.61425,945,0.65,2,312
104,1,1,728,9,49,212,2,49,272,2,0,6,625,373,0.625,452,276,38,0.19918080000000002,0.019542857142857143,0.65,0.61685,949,0.65,2,314
105,1,1,725,12,47,214,2,47,275,4,0,3,619,379,0.619,453,272,35,0.19794319999999999,0.019501793103448274,0.65,0.61815,951,0.65,2,318
106,1,1,726,9,46,217,2,46,274,1,0,5,608,390,0.608,443,283,27,0.19976320000000003,0.01965399449035813,0.65,0.6188,952,0.65,2,319
107,1,1,726,5,46,221,2,46,274,1,0,5,594,404,0.594,420,306,26,0.20311200000000004,0.019983471074380168,0.65,0.6188,952,0.65,2,320
108,1,1,720,9,44,225,2,44,280,7,0,5,585,413,0.585,427,293,26,0.19990879999999997,0.01983222222222222,0.65,0.6201,954,0.65,2,327
109,1,1,717,10,43,228,2,43,283,3,0,3,625,373,0.625,453,264,27,0.19503120000000002,0.01942928870292887,0.65,0.62075,955,0.65,2,330
110,1,1,712,15,36,235,2,36,288,7,0,9,617,381,0.617,438,274,28,0.19539520000000002,0.019602247191011238,0.65,0.6253000000000001,962,0.65,2,337
111,1,1,714,12,38,234,2,38,286,1,0,2,631,367,0.631,449,265,30,0.19452160000000002,0.019459943977591036,0.65,0.624,960,0.65,2,338
112,1,1,714,6,44,234,2,44,286,1,0,1,651,347,0.651,462,252,33,0.1926288,0.019270588235294116,0.65,0.6201,954,0.65,2,339
113,1,1,713,4,45,236,2,45,287,2,0,3,605,393,0.605,440,273,34,0.195468,0.019582047685834502,0.65,0.6194500000000001,953,0.65,2,341
114,1,1,713,6,44,235,2,44,287,3,0,2,603,395,0.603,435,278,33,0.19619599999999998,0.019654978962131836,0.65,0.6201,954,0.65,2,344
115,1,1,713,5,43,237,2,43,287,1,0,3,603,395,0.603,429,284,28,0.1970696,0.01974249649368864,0.65,0.62075,955,0.65,2,345
116,1,1,712,7,40,239,2,40,288,2,0,3,624,374,0.624,454,258,27,0.1930656,0.019368539325842697,0.65,0.6227,958,0.65,2,347
117,1,1,714,5,39,240,2,39,286,1,0,4,612,386,0.612,451,263,28,0.1942304,0.01943081232492997,0.65,0.6233500000000001,959,0.65,2,348
118,1,1,714,5,39,239,3,39,286,3,1,2,655,342,0.655,478,236,28,0.19029920000000003,0.019037535014005603,0.65,0.6227,958,0.65,3,351
119,1,1,710,10,36,241,3,36,290,6,0,4,625,372,0.625,449,261,25,0.1930656,0.019423098591549295,0.65,0.6246499999999999,961,0.65,3,357
120,1,1,709,10,34,244,3,34,291,2,0,4,625,372,0.625,448,261,24,0.1928472,0.019428490832157967,0.65,0.62595,963,0.65,3,359
121,1,1,705,11,36,245,3,36,295,5,0,2,622,375,0.622,441,264,30,0.1924104,0.019494468085106385,0.65,0.6246499999999999,961,0.65,3,364
122,1,1,708,8,36,245,3,36,292,1,0,4,625,372,0.625,449,259,29,0.19233760000000003,0.0194045197740113,0.65,0.6246499999999999,961,0.65,3,365
123,1,1,708,7,33,249,3,33,292,2,0,6,622,375,0.622,450,258,27,0.19219200000000003,0.01938983050847458,0.65,0.6266,964,0.65,3,367
124,1,1,706,6,32,253,3,32,294,3,0,5,622,375,0.622,450,256,22,0.19146400000000002,0.019371104815864026,0.65,0.62725,965,0.65,3,370
125,1,1,709,7,32,249,3,32,291,3,0,2,599,398,0.599,431,278,18,0.1953224,0.019677856135401975,0.65,0.62725,965,0.65,3,373
126,1,1,709,6,33,249,3,33,291,2,0,2,621,376,0.621,451,258,20,0.19241039999999998,0.019384485190409025,0.65,0.6266,964,0.65,3,375
127,1,1,710,4,34,249,3,34,290,0,0,1,636,361,0.636,461,249,22,0.19131840000000003,0.019247323943661975,0.65,0.62595,963,0.65,3,375
128,1,1,711,4,34,248,3,34,289,4,0,4,656,341,0.656,468,243,27,0.1906632,0.019154430379746835,0.65,0.62595,963,0.65,3,379
129,1,1,714,2,32,249,3,32,286,0,0,4,666,331,0.666,477,237,21,0.19044480000000003,0.019052100840336136,0.65,0.62725,965,0.65,3,379
130,1,1,711,6,32,248,3,32,289,5,0,1,635,362,0.635,460,251,24,0.19182800000000003,0.01927144866385373,0.65,0.62725,965,0.65,3,384
131,1,1,712,4,33,248,3,33,288,0,0,1,602,395,0.602,433,279,25,0.19612320000000003,0.019675280898876407,0.65,0.6266,964,0.65,3,384
132,1,1,712,3,34,248,3,34,288,1,0,1,611,386,0.611,441,271,25,0.19495839999999998,0.019558426966292133,0.65,0.62595,963,0.65,3,385
133,1,1,714,2,33,248,3,33,286,0,0,2,576,421,0.576,413,301,21,0.1997632,0.019984313725490196,0.65,0.6266,964,0.65,3,385
134,1,1,712,6,28,251,3,28,288,5,0,6,627,370,0.627,455,257,18,0.19292,0.01935393258426966,0.65,0.62985,969,0.65,3,390
135,1,1,714,5,28,250,3,28,286,0,0,1,598,399,0.598,441,273,16,0.19568639999999998,0.019576470588235292,0.65,0.62985,969,0.65,3,390
136,1,1,713,6,27,251,3,27,287,2,0,2,631,366,0.631,458,255,18,0.19284720000000005,0.0193194950911641,0.65,0.6305,970,0.65,3,392
137,1,1,714,5,27,251,3,27,286,1,0,2,615,382,0.615,451,263,15,0.1942304,0.01943081232492997,0.65,0.6305,970,0.65,3,393
138,1,1,713,5,27,252,3,27,287,3,0,3,639,358,0.639,463,250,22,0.1921192,0.01924656381486676,0.65,0.6305,970,0.65,3,396
139,1,1,711,7,25,254,3,25,289,4,0,4,650,347,0.65,455,256,19,0.19255600000000003,0.019344585091420535,0.65,0.6318,972,0.65,3,400
140,1,1,709,8,23,257,3,23,291,2,0,3,631,366,0.631,449,260,15,0.19270160000000003,0.019413822284908323,0.65,0.6331,974,0.65,3,402
141,1,1,710,7,22,258,3,22,290,1,0,3,619,378,0.619,443,267,16,0.19393920000000003,0.01951098591549296,0.65,0.63375,975,0.65,3,403
142,1,1,709,5,22,261,3,22,291,2,0,4,629,368,0.629,456,253,15,0.19168240000000003,0.019311142454160792,0.65,0.63375,975,0.65,3,405
143,1,1,708,3,25,261,3,25,292,2,0,1,608,389,0.608,445,263,13,0.19292,0.019463276836158193,0.65,0.6318,972,0.65,3,407
144,1,1,711,3,25,258,3,25,289,0,0,0,623,374,0.623,447,264,17,0.1937208,0.019461603375527426,0.65,0.6318,972,0.65,3,407
145,1,1,710,4,23,260,3,23,290,1,0,2,650,347,0.65,471,239,14,0.1898624,0.019100845070422534,0.65,0.6331,974,0.65,3,408
146,1,1,712,4,22,259,3,22,288,1,0,2,635,362,0.635,471,241,11,0.19059040000000002,0.019120224719101124,0.65,0.63375,975,0.65,3,409
147,1,1,714,3,19,261,3,19,286,0,0,4,611,386,0.611,456,258,9,0.1935024,0.01935798319327731,0.65,0.6357,978,0.65,3,409
148,1,1,714,3,18,262,3,18,286,1,0,2,591,406,0.591,436,278,9,0.19641440000000002,0.019649299719887957,0.65,0.63635,979,0.65,3,410
149,1,1,715,2,17,262,4,17,285,0,1,1,608,388,0.608,446,269,11,0.19532239999999998,0.019512727272727272,0.65,0.63635,979,0.65,4,410
150,1,1,717,2,18,259,4,18,283,1,0,0,634,362,0.634,459,258,14,0.1941576,0.019342259414225942,0.65,0.6357,978,0.65,4,411
151,1,1,718,3,17,258,4,17,282,1,0,1,622,374,0.622,460,258,16,0.19437600000000002,0.019337047353760448,0.65,0.63635,979,0.65,4,412
152,1,1,718,2,18,258,4,18,282,1,0,1,596,400,0.596,431,287,13,0.19859840000000004,0.019757103064066854,0.65,0.6357,978,0.65,4,413
153,1,1,718,3,18,257,4,18,282,1,0,0,601,395,0.601,440,278,11,0.19728800000000005,0.019626740947075214,0.65,0.6357,978,0.65,4,414
154,1,1,719,3,15,259,4,15,281,0,0,3,640,356,0.64,467,252,11,0.19372080000000003,0.01924506258692629,0.65,0.6376499999999999,981,0.65,4,414
155,1,1,719,3,12,262,4,12,281,1,0,4,651,345,0.651,481,238,7,0.19168239999999998,0.019042559109874825,0.65,0.6396000000000001,984,0.65,4,415
156,1,1,719,3,11,263,4,11,281,1,0,2,643,353,0.643,482,237,5,0.1915368,0.019028094575799723,0.65,0.64025,985,0.65,4,416
157,1,1,720,3,12,261,4,12,280,1,0,0,645,351,0.645,478,242,8,0.19248320000000002,0.019095555555555557,0.65,0.6396000000000001,984,0.65,4,417
158,1,1,721,5,10,260,4,10,279,2,0,2,611,385,0.611,451,270,7,0.1967784,0.019494590846047155,0.65,0.6409,986,0.65,4,419
159,1,1,723,3,12,258,4,12,277,1,0,1,615,381,0.615,452,271,10,0.19736080000000003,0.019498201936376212,0.65,0.6396000000000001,984,0.65,4,420
160,1,1,723,4,11,258,4,11,277,1,0,1,621,375,0.621,458,265,5,0.1964872,0.0194118948824343,0.65,0.64025,985,0.65,4,421
161,1,1,727,2,13,254,4,13,273,1,0,1,610,386,0.61,462,265,10,0.19736079999999998,0.019390921595598347,0.65,0.63895,983,0.65,4,422
162,1,1,726,2,12,256,4,12,274,1,0,2,608,388,0.608,441,285,9,0.2000544,0.019682644628099173,0.65,0.6396000000000001,984,0.65,4,423
163,1,1,730,1,13,252,4,13,270,0,0,0,616,380,0.616,458,272,9,0.19903520000000002,0.01947506849315069,0.65,0.63895,983,0.65,4,423
164,1,1,731,1,12,252,4,12,269,0,0,1,615,381,0.615,461,270,8,0.19896240000000004,0.019441313269493846,0.65,0.6396000000000001,984,0.65,4,423
165,1,1,733,0,12,251,4,12,267,0,0,1,641,355,0.641,477,256,10,0.19736080000000003,0.019232196452933153,0.65,0.6396000000000001,984,0.65,4,423
166,1,1,734,0,12,250,4,12,266,0,0,0,630,366,0.63,473,261,11,0.19830720000000002,0.01929809264305177,0.65,0.6396000000000001,984,0.65,4,423
167,1,1,733,1,11,251,4,11,267,1,0,1,637,359,0.637,473,260,11,0.1979432,0.019288949522510233,0.65,0.64025,985,0.65,4,424
168,1,1,734,2,9,251,4,9,266,1,0,2,653,343,0.653,474,260,8,0.19816160000000002,0.019283923705722072,0.65,0.6415500000000001,987,0.65,4,425
169,1,1,734,2,6,254,4,6,266,0,0,3,626,370,0.626,462,272,2,0.19990880000000003,0.019453950953678474,0.65,0.6435,990,0.65,4,425
170,1,1,736,2,6,252,4,6,264,0,0,0,612,384,0.612,450,286,1,0.20238399999999998,0.019641304347826086,0.65,0.6435,990,0.65,4,425
171,1,1,737,3,6,250,4,6,263,1,0,0,629,367,0.629,472,265,1,0.1995448,0.019339484396200812,0.65,0.6435,990,0.65,4,426
172,1,1,738,1,7,250,4,7,262,0,0,1,617,379,0.617,462,276,3,0.2013648,0.019489430894308945,0.65,0.64285,989,0.65,4,426
173,1,1,738,1,7,250,4,7,262,0,0,0,622,374,0.622,465,273,3,0.200928,0.019447154471544714,0.65,0.64285,989,0.65,4,426
174,1,1,740,4,6,246,4,6,260,3,0,1,607,389,0.607,453,287,3,0.20340320000000003,0.019633513513513515,0.65,0.6435,990,0.65,4,429
175,1,1,742,2,7,245,4,7,258,0,0,1,642,354,0.642,472,270,6,0.2013648,0.01938436657681941,0.65,0.64285,989,0.65,4,429
176,1,1,743,2,7,244,4,7,257,2,0,2,605,391,0.605,442,301,6,0.20609680000000002,0.019813189771197847,0.65,0.64285,989,0.65,4,431
177,1,1,746,1,8,241,4,8,254,0,0,0,602,394,0.602,437,309,7,0.2079168,0.019907774798927615,0.65,0.6422,988,0.65,4,431
178,1,1,745,3,8,240,4,8,255,2,0,0,606,390,0.606,450,295,7,0.20566,0.019718120805369128,0.65,0.6422,988,0.65,4,433
179,1,1,748,3,7,238,4,7,252,0,0,1,603,393,0.603,453,295,6,0.2063152,0.019701604278074866,0.65,0.64285,989,0.65,4,433
180,1,1,748,4,7,237,4,7,252,1,0,0,639,357,0.639,479,269,5,0.2025296,0.019340106951871657,0.65,0.64285,989,0.65,4,434
181,1,1,750,2,9,235,4,9,250,0,0,0,649,347,0.649,492,258,7,0.20136479999999998,0.0191776,0.65,0.6415500000000001,987,0.65,4,434
182,1,1,750,2,10,234,4,10,250,1,0,0,654,342,0.654,503,247,6,0.19976320000000003,0.01902506666666667,0.65,0.6409,986,0.65,4,435
183,1,1,751,1,11,233,4,11,249,0,0,0,674,322,0.674,516,235,8,0.19823440000000003,0.018854327563249004,0.65,0.64025,985,0.65,4,435
184,1,1,751,1,11,233,4,11,249,0,0,0,687,309,0.687,515,236,9,0.19838000000000003,0.018868175765645808,0.65,0.64025,985,0.65,4,435
185,1,1,753,1,9,233,4,9,247,0,0,2,670,326,0.67,512,241,7,0.19954480000000002,0.01892855245683931,0.65,0.6415500000000001,987,0.65,4,435
186,1,1,752,2,10,232,4,10,248,2,0,0,684,312,0.684,511,241,8,0.19932640000000004,0.018932978723404256,0.65,0.6409,986,0.65,4,437
187,1,1,752,3,10,231,4,10,248,2,0,1,656,340,0.656,505,247,8,0.20020000000000002,0.01901595744680851,0.65,0.6409,986,0.65,4,439
188,1,1,751,5,10,230,4,10,249,2,0,0,619,377,0.619,488,263,9,0.20231120000000002,0.019242077230359523,0.65,0.6409,986,0.65,4,441
189,1,1,752,4,9,231,4,9,248,0,0,2,607,389,0.607,466,286,7,0.20587840000000002,0.01955531914893617,0.65,0.6415500000000001,987,0.65,4,441
190,1,1,753,3,9,231,4,9,247,0,0,1,641,355,0.641,499,254,7,0.20143760000000002,0.019108100929614874,0.65,0.6415500000000001,987,0.65,4,441
191,1,1,754,2,8,232,4,8,246,0,0,2,629,367,0.629,478,276,8,0.20485920000000005,0.019406896551724142,0.65,0.6422,988,0.65,4,441
192,1,1,754,0,9,233,4,9,246,0,0,1,624,372,0.624,474,280,4,0.20544160000000006,0.019462068965517245,0.65,0.6415500000000001,987,0.65,4,441
193,1,1,759,0,9,228,4,9,241,0,0,0,643,353,0.643,490,269,5,0.204932,0.019285902503293807,0.65,0.6415500000000001,987,0.65,4,441
194,1,1,759,1,9,227,4,9,241,1,0,0,626,370,0.626,484,275,7,0.2058056,0.019368115942028984,0.65,0.6415500000000001,987,0.65,4,442
195,1,1,762,1,9,224,4,9,238,0,0,0,601,395,0.601,470,292,5,0.20893599999999998,0.01958530183727034,0.65,0.6415500000000001,987,0.65,4,442
196,1,1,763,0,9,224,4,9,237,0,0,1,591,405,0.591,467,296,5,0.20973680000000003,0.0196346002621232,0.65,0.6415500000000001,987,0.65,4,442
197,1,1,763,0,9,224,4,9,237,0,0,0,584,412,0.584,448,315,4,0.2125032,0.019893577981651374,0.65,0.6415500000000001,987,0.65,4,442
198,1,1,764,0,8,224,4,8,236,0,0,1,608,388,0.608,463,301,3,0.21068320000000001,0.019697382198952878,0.65,0.6422,988,0.65,4,442
199,1,1,764,1,8,223,4,8,236,1,0,0,635,361,0.635,486,278,1,0.20733440000000003,0.01938429319371728,0.65,0.6422,988,0.65,4,443
200,1,1,765,1,7,223,4,7,235,0,0,1,625,371,0.625,495,270,3,0.20638800000000004,0.01927058823529412,0.65,0.64285,989,0.65,4,443
201,1,1,770,0,8,218,4,8,230,0,0,0,621,375,0.621,498,272,5,0.20777120000000004,0.019273766233766237,0.65,0.6422,988,0.65,4,443
202,1,1,770,0,6,220,4,6,230,0,0,2,618,378,0.618,476,294,2,0.21097440000000003,0.019570909090909094,0.65,0.6435,990,0.65,4,443
203,1,1,770,0,5,221,4,5,230,0,0,1,638,358,0.638,500,270,2,0.20748000000000003,0.019246753246753248,0.65,0.64415,991,0.65,4,443
204,1,1,771,1,4,220,4,4,229,1,0,1,627,369,0.627,486,285,3,0.20988240000000002,0.019444357976653698,0.65,0.6448,992,0.65,4,444
205,1,1,773,1,4,218,4,4,227,0,0,0,633,363,0.633,494,279,1,0.20944559999999998,0.019353686934023284,0.65,0.6448,992,0.65,4,444
206,1,1,774,1,4,217,4,4,226,1,0,1,604,392,0.604,468,306,2,0.21359520000000004,0.019711627906976746,0.65,0.6448,992,0.65,4,445
207,1,1,778,1,3,214,4,3,222,0,0,1,612,384,0.612,482,296,2,0.2130128,0.019556812339331618,0.65,0.6454500000000001,993,0.65,4,445
208,1,1,778,1,3,214,4,3,222,0,0,0,594,402,0.594,464,314,3,0.2156336,0.019797429305912596,0.65,0.6454500000000001,993,0.65,4,445
209,1,1,779,1,3,213,4,3,221,1,0,1,603,393,0.603,474,305,3,0.21454160000000003,0.019671887034659823,0.65,0.6454500000000001,993,0.65,4,446
210,1,1,780,1,3,212,4,3,220,0,0,0,610,386,0.61,482,298,2,0.2137408,0.01957333333333333,0.65,0.6454500000000001,993,0.65,4,446
211,1,1,781,1,3,211,4,3,219,0,0,0,614,382,0.614,490,291,1,0.21294000000000002,0.019475032010243278,0.65,0.6454500000000001,993,0.65,4,446
212,1,1,781,0,4,211,4,4,219,0,0,0,618,378,0.618,484,297,1,0.21381360000000005,0.01955492957746479,0.65,0.6448,992,0.65,4,446
213,1,1,784,0,3,209,4,3,216,0,0,1,646,350,0.646,515,269,1,0.210392,0.019168367346938775,0.65,0.6454500000000001,993,0.65,4,446
214,1,1,785,0,3,208,4,3,215,0,0,0,618,378,0.618,500,285,2,0.21294000000000005,0.01937579617834395,0.65,0.6454500000000001,993,0.65,4,446
215,1,1,788,0,3,205,4,3,212,0,0,0,599,397,0.599,487,301,2,0.21592480000000003,0.01957258883248731,0.65,0.6454500000000001,993,0.65,4,446
216,1,1,790,0,2,204,4,2,210,0,0,1,619,377,0.619,498,292,0,0.21505120000000005,0.019444050632911394,0.65,0.6461,994,0.65,4,446
217,1,1,790,0,2,204,4,2,210,0,0,0,581,415,0.581,458,332,1,0.22087520000000008,0.019970632911392408,0.65,0.6461,994,0.65,4,446
218,1,1,791,0,2,203,4,2,209,0,0,0,658,338,0.658,526,265,1,0.2113384,0.01908419721871049,0.65,0.6461,994,0.65,4,446
219,1,1,790,1,2,203,4,2,210,1,0,0,660,336,0.66,532,258,1,0.21010080000000003,0.018996455696202532,0.65,0.6461,994,0.65,4,447
220,1,1,791,2,2,201,4,2,209,1,0,0,636,360,0.636,511,280,2,0.21352240000000003,0.01928141592920354,0.65,0.6461,994,0.65,4,448
221,1,1,794,2,2,198,4,2,206,0,0,0,656,340,0.656,520,274,1,0.213304,0.019188916876574307,0.65,0.6461,994,0.65,4,448
222,1,1,795,2,1,198,4,1,205,0,0,1,630,366,0.63,500,295,1,0.21658000000000005,0.01945911949685535,0.65,0.64675,995,0.65,4,448
223,1,1,798,2,0,196,4,0,202,0,0,1,637,359,0.637,515,283,0,0.21548800000000004,0.019288220551378448,0.65,0.6474,996,0.65,4,448
224,1,1,800,1,1,194,4,1,200,0,0,0,602,394,0.602,487,313,1,0.22029280000000004,0.019669000000000002,0.65,0.64675,995,0.65,4,448
225,1,1,802,1,2,191,4,2,198,1,0,0,595,401,0.595,478,324,2,0.22233120000000006,0.019801496259351625,0.65,0.6461,994,0.65,4,449
226,1,1,802,2,2,190,4,2,198,1,0,0,610,386,0.61,492,310,1,0.22029280000000004,0.01961995012468828,0.65,0.6461,994,0.65,4,450
227,1,1,805,2,2,187,4,2,195,0,0,0,610,386,0.61,489,316,2,0.22182160000000004,0.01968248447204969,0.65,0.6461,994,0.65,4,450
228,1,1,807,1,3,185,4,3,193,0,0,0,640,356,0.64,508,299,2,0.21978320000000004,0.019453283767038417,0.65,0.6454500000000001,993,0.65,4,450
229,1,1,807,0,4,185,4,4,193,0,0,0,617,379,0.617,493,314,3,0.22196720000000003,0.01964659231722429,0.65,0.6448,992,0.65,4,450
230,1,1,809,0,4,183,4,4,191,0,0,0,610,386,0.61,494,315,3,0.22254960000000004,0.019649443757725586,0.65,0.6448,992,0.65,4,450
231,1,1,810,1,4,181,4,4,190,1,0,0,622,374,0.622,509,301,3,0.22072960000000005,0.019464691358024692,0.65,0.6448,992,0.65,4,451
232,1,1,810,1,4,181,4,4,190,0,0,0,631,365,0.631,522,288,2,0.21883680000000003,0.01929777777777778,0.65,0.6448,992,0.65,4,451
233,1,1,811,0,5,180,4,5,189,0,0,0,607,389,0.607,499,312,3,0.22254960000000004,0.01960098643649815,0.65,0.64415,991,0.65,4,451
234,1,1,811,1,5,179,4,5,189,1,0,0,631,365,0.631,527,284,3,0.21847280000000002,0.019241923551171394,0.65,0.64415,991,0.65,4,452
235,1,1,811,1,5,179,4,5,189,0,0,0,636,360,0.636,518,293,2,0.21978320000000004,0.019357336621454994,0.65,0.64415,991,0.65,4,452
236,1,1,811,1,5,179,4,5,189,0,0,0,651,345,0.651,540,271,2,0.21658000000000005,0.019075215782983972,0.65,0.64415,991,0.65,4,452
237,1,1,813,2,3,178,4,3,187,1,0,2,647,349,0.647,525,288,3,0.21949199999999996,0.019284132841328412,0.65,0.6454500000000001,993,0.65,4,453
238,1,1,815,2,3,176,4,3,185,0,0,0,666,330,0.666,545,270,3,0.217308,0.019045398773006136,0.65,0.6454500000000001,993,0.65,4,453
239,1,1,816,0,4,176,4,4,184,0,0,1,651,345,0.651,532,284,4,0.21956479999999998,0.019219607843137254,0.65,0.6448,992,0.65,4,453
240,1,1,815,1,4,176,4,4,185,1,0,0,638,358,0.638,524,291,4,0.22036560000000002,0.019313374233128837,0.65,0.6448,992,0.65,4,454
241,1,1,816,1,3,176,4,3,184,0,0,1,639,357,0.639,534,282,2,0.21927359999999996,0.01919411764705882,0.65,0.6454500000000001,993,0.65,4,454
242,1,1,818,1,3,174,4,3,182,0,0,0,652,344,0.652,536,282,2,0.2197104,0.019185330073349632,0.65,0.6454500000000001,993,0.65,4,454
243,1,1,818,2,3,173,4,3,182,1,0,0,652,344,0.652,537,281,2,0.21956480000000003,0.019172616136919316,0.65,0.6454500000000001,993,0.65,4,455
244,1,1,819,2,3,172,4,3,181,0,0,0,635,361,0.635,529,290,1,0.22109359999999997,0.019282539682539682,0.65,0.6454500000000001,993,0.65,4,455
245,1,1,821,2,4,169,4,4,179,1,0,0,620,376,0.62,517,304,2,0.2235688,0.019450913520097445,0.65,0.6448,992,0.65,4,456
246,1,1,822,2,4,168,4,4,178,0,0,0,646,350,0.646,534,288,2,0.2214576,0.019243795620437956,0.65,0.6448,992,0.65,4,456
247,1,1,822,2,4,168,4,4,178,0,0,0,670,326,0.67,557,265,2,0.21810880000000002,0.01895279805352798,0.65,0.6448,992,0.65,4,456
248,1,1,824,1,4,167,4,4,176,0,0,1,668,328,0.668,560,264,2,0.2184,0.018932038834951457,0.65,0.6448,992,0.65,4,456
249,1,1,826,0,5,165,4,5,174,0,0,0,656,340,0.656,544,282,4,0.2214576,0.019150605326876513,0.65,0.64415,991,0.65,4,456
250,1,1,827,0,5,164,4,5,173,0,0,0,656,340,0.656,546,281,3,0.22153040000000002,0.019133736396614268,0.65,0.64415,991,0.65,4,456
251,1,1,827,0,5,164,4,5,173,0,0,0,652,344,0.652,542,285,3,0.2221128,0.019184038694074968,0.65,0.64415,991,0.65,4,456
252,1,1,827,0,4,164,5,4,173,0,1,0,668,327,0.668,565,262,2,0.21876400000000001,0.01889480048367594,0.65,0.64415,991,0.65,5,456
253,1,1,827,1,3,164,5,3,173,1,0,1,629,366,0.629,533,294,2,0.22342320000000004,0.01929721886336155,0.65,0.6448,992,0.65,5,457
254,1,1,829,1,2,163,5,2,171,0,0,1,659,336,0.659,564,265,1,0.21963760000000004,0.018924487334137517,0.65,0.6454500000000001,993,0.65,5,457
255,1,1,831,1,2,161,5,2,169,0,0,0,641,354,0.641,538,293,2,0.22415120000000005,0.019266907340553554,0.65,0.6454500000000001,993,0.65,5,457
256,1,1,831,0,3,161,5,3,169,0,0,0,613,382,0.613,512,319,2,0.22793680000000005,0.01959229843561974,0.65,0.6448,992,0.65,5,457
257,1,1,831,0,3,161,5,3,169,0,0,0,586,409,0.586,490,341,0,0.23114,0.0198676293622142,0.65,0.6448,992,0.65,5,457
258,1,1,832,0,3,160,5,3,168,0,0,0,613,382,0.613,522,310,1,0.2268448,0.019475000000000003,0.65,0.6448,992,0.65,5,457
259,1,1,833,0,3,159,5,3,167,0,0,0,599,396,0.599,500,333,1,0.230412,0.019757503001200483,0.65,0.6448,992,0.65,5,457
260,1,1,831,2,2,160,5,2,169,2,0,1,592,403,0.592,489,342,1,0.23128559999999998,0.01988014440433213,0.65,0.6454500000000001,993,0.65,5,459
261,1,1,832,2,1,160,5,1,168,0,0,1,613,382,0.613,506,326,1,0.22917439999999997,0.019674999999999998,0.65,0.6461,994,0.65,5,459
262,1,1,834,1,2,158,5,2,166,0,0,0,614,381,0.614,511,323,2,0.22917439999999997,0.019627817745803355,0.65,0.6454500000000001,993,0.65,5,459
263,1,1,834,1,3,157,5,3,166,1,0,0,630,365,0.63,523,311,3,0.22742720000000002,0.019478177458033576,0.65,0.6448,992,0.65,5,460
264,1,1,833,1,4,157,5,4,167,1,0,0,622,373,0.622,525,308,3,0.22677199999999997,0.019445378151260503,0.65,0.64415,991,0.65,5,461
265,1,1,834,0,5,156,5,5,166,0,0,0,610,385,0.61,518,316,5,0.2281552,0.01954052757793765,0.65,0.6435,990,0.65,5,461
266,1,1,835,0,5,155,5,5,165,0,0,0,640,355,0.64,540,295,5,0.22531600000000002,0.01927425149700599,0.65,0.6435,990,0.65,5,461
267,1,1,838,0,5,152,5,5,162,0,0,0,605,390,0.605,514,324,3,0.2301936,0.019621002386634844,0.65,0.6435,990,0.65,5,461
268,1,1,839,0,4,152,5,4,161,0,0,1,598,397,0.598,514,325,3,0.23055760000000003,0.019628605482717523,0.65,0.64415,991,0.65,5,461
269,1,1,839,0,4,152,5,4,161,0,0,0,576,419,0.576,491,348,3,0.23390640000000001,0.019913706793802145,0.65,0.64415,991,0.65,5,461
270,1,1,838,1,3,153,5,3,162,1,0,1,638,357,0.638,540,298,1,0.22640800000000005,0.019298329355608594,0.65,0.6448,992,0.65,5,462
271,1,1,838,1,3,153,5,3,162,0,0,0,616,379,0.616,520,318,1,0.22932000000000005,0.019546539379474943,0.65,0.6448,992,0.65,5,462
272,1,1,839,1,3,152,5,3,161,0,0,0,608,387,0.608,517,322,2,0.23012080000000004,0.01959141835518475,0.65,0.6448,992,0.65,5,462
273,1,1,840,1,2,152,5,2,160,0,0,1,613,382,0.613,524,316,0,0.2294656,0.01951238095238095,0.65,0.6454500000000001,993,0.65,5,462
274,1,1,841,1,2,151,5,2,159,0,0,0,660,335,0.66,564,277,0,0.22400559999999997,0.019025445897740783,0.65,0.6454500000000001,993,0.65,5,462
275,1,1,842,0,3,150,5,3,158,0,0,0,640,355,0.64,544,298,1,0.2272816,0.019280760095011878,0.65,0.6448,992,0.65,5,462
276,1,1,843,0,1,151,5,1,157,0,0,2,653,342,0.653,547,296,1,0.22720879999999996,0.019251720047449582,0.65,0.6461,994,0.65,5,462
277,1,1,843,0,1,151,5,1,157,0,0,0,628,367,0.628,535,308,1,0.22895600000000002,0.01939976275207592,0.65,0.6461,994,0.65,5,462
278,1,1,843,0,1,151,5,1,157,0,0,0,659,336,0.659,563,280,1,0.22487920000000003,0.019054329774614475,0.65,0.6461,994,0.65,5,462
279,1,1,844,0,1,150,5,1,156,0,0,0,650,345,0.65,552,292,1,0.22684479999999999,0.019198104265402843,0.65,0.6461,994,0.65,5,462
280,1,1,844,0,1,150,5,1,156,0,0,0,649,346,0.649,554,290,0,0.2265536,0.01917345971563981,0.65,0.6461,994,0.65,5,462
281,1,1,846,0,1,148,5,1,154,0,0,0,646,349,0.646,549,297,1,0.2280096,0.019251063829787234,0.65,0.6461,994,0.65,5,462
282,1,1,847,1,1,146,5,1,153,1,0,0,666,329,0.666,561,286,1,0.2266264,0.019111688311688312,0.65,0.6461,994,0.65,5,463
283,1,1,846,2,1,146,5,1,154,1,0,0,639,356,0.639,543,303,1,0.2288832,0.01932482269503546,0.65,0.6461,994,0.65,5,464
284,1,1,846,1,2,146,5,2,154,0,0,0,652,343,0.652,559,287,2,0.22655360000000005,0.01912813238770686,0.65,0.6454500000000001,993,0.65,5,464
285,1,1,849,1,2,143,5,2,151,0,0,0,638,357,0.638,544,305,2,0.22982960000000002,0.01933616018845701,0.65,0.6454500000000001,993,0.65,5,464
286,1,1,849,2,2,142,5,2,151,1,0,0,618,377,0.618,525,324,1,0.23259600000000002,0.019568904593639577,0.65,0.6454500000000001,993,0.65,5,465
287,1,1,848,2,2,143,5,2,152,1,0,1,608,387,0.608,524,324,1,0.2323776,0.019573584905660378,0.65,0.6454500000000001,993,0.65,5,466
288,1,1,850,2,2,141,5,2,150,0,0,0,643,352,0.643,559,291,1,0.22800960000000006,0.019160470588235296,0.65,0.6454500000000001,993,0.65,5,466
289,1,1,850,2,2,141,5,2,150,0,0,0,631,364,0.631,546,304,1,0.22990240000000003,0.019319529411764708,0.65,0.6454500000000001,993,0.65,5,466
290,1,1,849,1,4,141,5,4,151,1,0,0,631,364,0.631,539,310,3,0.23055760000000003,0.019397408716136634,0.65,0.64415,991,0.65,5,467
291,1,1,853,1,4,137,5,4,147,0,0,0,603,392,0.603,511,342,2,0.2360904,0.01976975381008206,0.65,0.64415,991,0.65,5,467
292,1,1,855,1,4,135,5,4,145,0,0,0,598,397,0.598,510,345,2,0.236964,0.019796491228070177,0.65,0.64415,991,0.65,5,467
293,1,1,855,1,4,135,5,4,145,0,0,0,592,403,0.592,506,349,1,0.23754640000000005,0.01984514619883041,0.65,0.64415,991,0.65,5,467
294,1,1,856,0,5,134,5,5,144,0,0,0,615,380,0.615,523,333,4,0.2354352,0.019645794392523366,0.65,0.6435,990,0.65,5,467
295,1,1,858,0,5,132,5,5,142,0,0,0,628,367,0.628,539,319,4,0.2338336,0.019466666666666667,0.65,0.6435,990,0.65,5,467
296,1,1,858,1,4,131,6,4,142,1,1,0,598,396,0.598,512,346,3,0.23776480000000003,0.019793939393939395,0.65,0.6435,990,0.65,6,468
297,1,1,860,0,5,129,6,5,140,0,0,0,603,391,0.603,521,339,4,0.23718240000000002,0.01969953488372093,0.65,0.64285,989,0.65,6,468
298,1,1,860,0,5,129,6,5,140,0,0,0,617,377,0.617,527,333,4,0.2363088,0.019626976744186047,0.65,0.64285,989,0.65,6,468
299,1,1,860,0,4,130,6,4,140,0,0,1,559,435,0.559,484,376,2,0.2425696,0.020146976744186047,0.65,0.6435,990,0.65,6,468
300,1,1,860,0,4,130,6,4,140,0,0,0,589,405,0.589,518,342,3,0.2376192,0.019735813953488373,0.65,0.6435,990,0.65,6,468
301,1,1,860,0,4,130,6,4,140,0,0,0,596,398,0.596,517,343,3,0.23776480000000005,0.01974790697674419,0.65,0.6435,990,0.65,6,468
302,1,1,861,0,3,130,6,3,139,0,0,1,594,400,0.594,508,353,3,0.23943920000000002,0.019863879210220675,0.65,0.64415,991,0.65,6,468
303,1,1,861,0,2,131,6,2,139,0,0,1,616,378,0.616,536,325,2,0.2353624,0.01952566782810685,0.65,0.6448,992,0.65,6,468
304,1,1,863,0,2,129,6,2,137,0,0,0,614,380,0.614,544,319,0,0.23492559999999998,0.019444264194669755,0.65,0.6448,992,0.65,6,468
305,1,1,864,0,2,128,6,2,136,0,0,0,601,393,0.601,534,330,1,0.23674560000000006,0.019572222222222227,0.65,0.6448,992,0.65,6,468
306,1,1,864,0,2,128,6,2,136,0,0,0,654,340,0.654,569,295,1,0.23164960000000004,0.01915092592592593,0.65,0.6448,992,0.65,6,468
307,1,1,865,0,1,128,6,1,135,0,0,1,602,392,0.602,524,341,1,0.23856560000000002,0.019699884393063586,0.65,0.6454500000000001,993,0.65,6,468
308,1,1,867,0,1,126,6,1,133,0,0,0,600,394,0.6,528,339,0,0.23871120000000004,0.01966643598615917,0.65,0.6454500000000001,993,0.65,6,468
309,1,1,867,0,1,126,6,1,133,0,0,0,604,390,0.604,535,332,0,0.23769200000000007,0.01958246828143022,0.65,0.6454500000000001,993,0.65,6,468
310,1,1,868,0,1,125,6,1,132,0,0,0,621,373,0.621,543,325,0,0.2368912,0.01949400921658986,0.65,0.6454500000000001,993,0.65,6,468
311,1,1,869,0,1,124,6,1,131,0,0,0,603,391,0.603,534,335,1,0.23856559999999996,0.019609205983889526,0.65,0.6454500000000001,993,0.65,6,468
312,1,1,869,0,1,124,6,1,131,0,0,0,578,416,0.578,511,358,1,0.2419144,0.01988446490218642,0.65,0.6454500000000001,993,0.65,6,468
313,1,1,870,0,0,124,6,0,130,0,0,1,588,406,0.588,515,355,0,0.24169600000000008,0.019843678160919545,0.65,0.6461,994,0.65,6,468
